4602.0	0
4602.1	0
4602.2	1
4602.3	1
4602.4	3
4602.5	4
4602.6	6
4602.7	7
4602.8	9
4602.9	11
4603.0	13
4603.1	15
4603.2	17
4603.3	19
4603.4	22
4603.5	24
4603.6	26
4603.7	29
4603.8	32
4603.9	34
4604.0	37
4604.1	40
4604.2	43
4604.3	46
4604.4	49
4604.5	52
4604.6	55
4604.7	59
4604.8	62
4604.9	66
4605.0	69
4605.1	73
4605.2	77
4605.3	80
4605.4	84
4605.5	88
4605.6	92
4605.7	97
4605.8	101
4605.9	105
4606.0	110
4606.1	114
4606.2	119
4606.3	123
4606.4	128
4606.5	133
4606.6	138
4606.7	143
4606.8	148
4606.9	153
4607.0	158
4607.1	163
4607.2	169
4607.3	174
4607.4	180
4607.5	185
4607.6	191
4607.7	197
4607.8	203
4607.9	209
4608.0	215
4608.1	221
4608.2	227
4608.3	233
4608.4	239
4608.5	245
4608.6	252
4608.7	258
4608.8	265
4608.9	271
4609.0	278
4609.1	284
4609.2	291
4609.3	298
4609.4	305
4609.5	312
4609.6	319
4609.7	326
4609.8	333
4609.9	340
4610.0	347
4610.1	355
4610.2	362
4610.3	369
4610.4	377
4610.5	385
4610.6	392
4610.7	400
4610.8	408
4610.9	415
4611.0	423
4611.1	431
4611.2	439
4611.3	447
4611.4	456
4611.5	464
4611.6	472
4611.7	480
4611.8	489
4611.9	497
4612.0	506
4612.1	514
4612.2	523
4612.3	532
4612.4	541
4612.5	549
4612.6	558
4612.7	567
4612.8	576
4612.9	586
4613.0	595
4613.1	604
4613.2	613
4613.3	623
4613.4	632
4613.5	641
4613.6	651
4613.7	661
4613.8	670
4613.9	680
4614.0	690
4614.1	700
4614.2	710
4614.3	720
4614.4	730
4614.5	740
4614.6	750
4614.7	760
4614.8	770
4614.9	781
4615.0	791
4615.1	802
4615.2	812
4615.3	823
4615.4	834
4615.5	844
4615.6	855
4615.7	866
4615.8	877
4615.9	888
4616.0	899
4616.1	910
4616.2	921
4616.3	932
4616.4	944
4616.5	955
4616.6	966
4616.7	978
4616.8	989
4616.9	1001
4617.0	1013
4617.1	1024
4617.2	1036
4617.3	1048
4617.4	1060
4617.5	1072
4617.6	1084
4617.7	1096
4617.8	1108
4617.9	1121
4618.0	1133
4618.1	1145
4618.2	1158
4618.3	1170
4618.4	1183
4618.5	1195
4618.6	1208
4618.7	1221
4618.8	1234
4618.9	1246
4619.0	1259
4619.1	1272
4619.2	1285
4619.3	1299
4619.4	1312
4619.5	1325
4619.6	1338
4619.7	1352
4619.8	1365
4619.9	1379
4620.0	1392
4620.1	1406
4620.2	1420
4620.3	1433
4620.4	1447
4620.5	1461
4620.6	1475
4620.7	1489
4620.8	1503
4620.9	1517
4621.0	1532
4621.1	1546
4621.2	1560
4621.3	1575
4621.4	1589
4621.5	1604
4621.6	1618
4621.7	1633
4621.8	1648
4621.9	1663
4622.0	1677
4622.1	1692
4622.2	1707
4622.3	1722
4622.4	1738
4622.5	1753
4622.6	1768
4622.7	1783
4622.8	1799
4622.9	1814
4623.0	1830
4623.1	1845
4623.2	1861
4623.3	1877
4623.4	1893
4623.5	1908
4623.6	1924
4623.7	1940
4623.8	1957
4623.9	1973
4624.0	1989
4624.1	2005
4624.2	2022
4624.3	2038
4624.4	2055
4624.5	2071
4624.6	2088
4624.7	2105
4624.8	2121
4624.9	2138
4625.0	2155
4625.1	2172
4625.2	2189
4625.3	2206
4625.4	2224
4625.5	2241
4625.6	2258
4625.7	2276
4625.8	2293
4625.9	2311
4626.0	2329
4626.1	2346
4626.2	2364
4626.3	2382
4626.4	2400
4626.5	2418
4626.6	2436
4626.7	2454
4626.8	2472
4626.9	2491
4627.0	2509
4627.1	2527
4627.2	2546
4627.3	2564
4627.4	2583
4627.5	2602
4627.6	2621
4627.7	2639
4627.8	2658
4627.9	2677
4628.0	2696
4628.1	2716
4628.2	2735
4628.3	2754
4628.4	2773
4628.5	2793
4628.6	2813
4628.7	2832
4628.8	2852
4628.9	2872
4629.0	2891
4629.1	2911
4629.2	2931
4629.3	2951
4629.4	2972
4629.5	2992
4629.6	3012
4629.7	3033
4629.8	3053
4629.9	3074
4630.0	3094
4630.1	3115
4630.2	3136
4630.3	3157
4630.4	3177
4630.5	3198
4630.6	3220
4630.7	3241
4630.8	3262
4630.9	3283
4631.0	3305
4631.1	3326
4631.2	3348
4631.3	3369
4631.4	3391
4631.5	3413
4631.6	3435
4631.7	3457
4631.8	3479
4631.9	3501
4632.0	3523
4632.1	3545
4632.2	3567
4632.3	3590
4632.4	3612
4632.5	3635
4632.6	3657
4632.7	3680
4632.8	3703
4632.9	3726
4633.0	3749
4633.1	3772
4633.2	3795
4633.3	3818
4633.4	3841
4633.5	3865
4633.6	3888
4633.7	3911
4633.8	3935
4633.9	3959
4634.0	3982
4634.1	4006
4634.2	4030
4634.3	4054
4634.4	4078
4634.5	4102
4634.6	4127
4634.7	4151
4634.8	4175
4634.9	4200
4635.0	4224
4635.1	4249
4635.2	4273
4635.3	4298
4635.4	4323
4635.5	4348
4635.6	4373
4635.7	4398
4635.8	4423
4635.9	4449
4636.0	4474
4636.1	4499
4636.2	4525
4636.3	4550
4636.4	4576
4636.5	4602
4636.6	4628
4636.7	4653
4636.8	4679
4636.9	4705
4637.0	4732
4637.1	4758
4637.2	4784
4637.3	4810
4637.4	4837
4637.5	4863
4637.6	4890
4637.7	4917
4637.8	4943
4637.9	4970
4638.0	4997
4638.1	5024
4638.2	5051
4638.3	5078
4638.4	5105
4638.5	5133
4638.6	5160
4638.7	5187
4638.8	5215
4638.9	5242
4639.0	5270
4639.1	5297
4639.2	5325
4639.3	5353
4639.4	5381
4639.5	5409
4639.6	5437
4639.7	5465
4639.8	5493
4639.9	5521
4640.0	5549
4640.1	5578
4640.2	5606
4640.3	5634
4640.4	5663
4640.5	5692
4640.6	5720
4640.7	5749
4640.8	5778
4640.9	5807
4641.0	5836
4641.1	5865
4641.2	5894
4641.3	5923
4641.4	5952
4641.5	5981
4641.6	6011
4641.7	6040
4641.8	6070
4641.9	6099
4642.0	6129
4642.1	6159
4642.2	6188
4642.3	6218
4642.4	6248
4642.5	6278
4642.6	6308
4642.7	6338
4642.8	6368
4642.9	6399
4643.0	6429
4643.1	6459
4643.2	6490
4643.3	6520
4643.4	6550
4643.5	6581
4643.6	6611
4643.7	6642
4643.8	6672
4643.9	6703
4644.0	6734
4644.1	6765
4644.2	6795
4644.3	6826
4644.4	6857
4644.5	6888
4644.6	6919
4644.7	6950
4644.8	6981
4644.9	7012
4645.0	7043
4645.1	7075
4645.2	7106
4645.3	7137
4645.4	7169
4645.5	7200
4645.6	7231
4645.7	7263
4645.8	7294
4645.9	7326
4646.0	7358
4646.1	7389
4646.2	7421
4646.3	7453
4646.4	7485
4646.5	7517
4646.6	7549
4646.7	7581
4646.8	7613
4646.9	7645
4647.0	7677
4647.1	7709
4647.2	7741
4647.3	7773
4647.4	7806
4647.5	7838
4647.6	7870
4647.7	7903
4647.8	7935
4647.9	7968
4648.0	8000
4648.1	8033
4648.2	8066
4648.3	8099
4648.4	8131
4648.5	8164
4648.6	8197
4648.7	8230
4648.8	8263
4648.9	8296
4649.0	8329
4649.1	8362
4649.2	8395
4649.3	8429
4649.4	8462
4649.5	8495
4649.6	8529
4649.7	8562
4649.8	8596
4649.9	8629
4650.0	8663
4650.1	8696
4650.2	8730
4650.3	8764
4650.4	8798
4650.5	8832
4650.6	8865
4650.7	8899
4650.8	8933
4650.9	8967
4651.0	9002
4651.1	9036
4651.2	9070
4651.3	9104
4651.4	9138
4651.5	9173
4651.6	9207
4651.7	9242
4651.8	9276
4651.9	9311
4652.0	9345
4652.1	9380
4652.2	9415
4652.3	9449
4652.4	9484
4652.5	9519
4652.6	9554
4652.7	9589
4652.8	9624
4652.9	9659
4653.0	9694
4653.1	9729
4653.2	9765
4653.3	9800
4653.4	9835
4653.5	9871
4653.6	9906
4653.7	9942
4653.8	9978
4653.9	10014
4654.0	10049
4654.1	10085
4654.2	10121
4654.3	10157
4654.4	10193
4654.5	10229
4654.6	10266
4654.7	10302
4654.8	10338
4654.9	10375
4655.0	10411
4655.1	10448
4655.2	10484
4655.3	10521
4655.4	10558
4655.5	10594
4655.6	10631
4655.7	10668
4655.8	10705
4655.9	10742
4656.0	10779
4656.1	10816
4656.2	10854
4656.3	10891
4656.4	10928
4656.5	10966
4656.6	11003
4656.7	11041
4656.8	11078
4656.9	11116
4657.0	11154
4657.1	11192
4657.2	11230
4657.3	11268
4657.4	11306
4657.5	11344
4657.6	11382
4657.7	11420
4657.8	11458
4657.9	11497
4658.0	11535
4658.1	11574
4658.2	11612
4658.3	11651
4658.4	11689
4658.5	11728
4658.6	11767
4658.7	11806
4658.8	11845
4658.9	11884
4659.0	11923
4659.1	11962
4659.2	12001
4659.3	12040
4659.4	12079
4659.5	12119
4659.6	12158
4659.7	12198
4659.8	12237
4659.9	12277
4660.0	12316
4660.1	12356
4660.2	12396
4660.3	12436
4660.4	12476
4660.5	12515
4660.6	12556
4660.7	12596
4660.8	12636
4660.9	12676
4661.0	12716
4661.1	12757
4661.2	12797
4661.3	12837
4661.4	12878
4661.5	12919
4661.6	12959
4661.7	13000
4661.8	13041
4661.9	13082
4662.0	13123
4662.1	13163
4662.2	13205
4662.3	13246
4662.4	13287
4662.5	13328
4662.6	13369
4662.7	13411
4662.8	13452
4662.9	13493
4663.0	13535
4663.1	13577
4663.2	13618
4663.3	13660
4663.4	13702
4663.5	13744
4663.6	13786
4663.7	13828
4663.8	13870
4663.9	13912
4664.0	13954
4664.1	13996
4664.2	14039
4664.3	14081
4664.4	14124
4664.5	14166
4664.6	14209
4664.7	14251
4664.8	14294
4664.9	14337
4665.0	14380
4665.1	14423
4665.2	14466
4665.3	14509
4665.4	14552
4665.5	14595
4665.6	14638
4665.7	14682
4665.8	14725
4665.9	14768
4666.0	14812
4666.1	14855
4666.2	14899
4666.3	14943
4666.4	14987
4666.5	15030
4666.6	15074
4666.7	15118
4666.8	15162
4666.9	15206
4667.0	15251
4667.1	15295
4667.2	15339
4667.3	15384
4667.4	15428
4667.5	15472
4667.6	15517
4667.7	15562
4667.8	15606
4667.9	15651
4668.0	15696
4668.1	15740
4668.2	15785
4668.3	15830
4668.4	15875
4668.5	15920
4668.6	15965
4668.7	16010
4668.8	16055
4668.9	16100
4669.0	16145
4669.1	16190
4669.2	16235
4669.3	16280
4669.4	16325
4669.5	16371
4669.6	16416
4669.7	16461
4669.8	16507
4669.9	16552
4670.0	16597
4670.1	16643
4670.2	16688
4670.3	16734
4670.4	16780
4670.5	16825
4670.6	16871
4670.7	16917
4670.8	16962
4670.9	17008
4671.0	17054
4671.1	17100
4671.2	17146
4671.3	17192
4671.4	17238
4671.5	17284
4671.6	17330
4671.7	17376
4671.8	17422
4671.9	17468
4672.0	17514
4672.1	17561
4672.2	17607
4672.3	17653
4672.4	17700
4672.5	17746
