544 0 621 2699 667 20499
576 0 622 2374 668 21153
577 1 623 3058 669 21823
578 2 624 3249 670 22507
579 6 625 3449 671 23208
580 10 626 3658 672 23924
581 16 627 3874 673 24657
582 23 628 4100 674 25406
583 31 629 4334 675 26171
584 41 630 4578 676 26953
585 53 631 4830 677 27752
586 66 632 5091 678 28567
587 81 633 5362 679 29400
588 98 634 5642 680 30251
589 117 635 5931 681 31115
590 137 636 6230 682 32004
591 161 637 6535 683 32907
592 186 638 6855 684 33828
593 214 639 7182 685 34766
594 245 640 7514 686 35723
595 279 641 7864 687 36698
596 315 642 8219 688 37692
597 355 643 8584 689 38704
598 398 644 8958 690 39735
599 445 645 9341 691 40784
600 495 646 9734 692 41853
601 549 647 10137 693 42940
602 607 648 10549 694 44047
603 669 649 10971 695 45173
604 735 650 11404 696 46319
605 806 651 11846 697 47485
606 862 652 12299 698 48670
607 962 653 12762 699 49876
608 1047 654 13236 700 51102
611 1335 657 14724 703 54902
612 1443 658 15243 704 56211
613 1556 659 15775 705 57541
614 1675 660 16318 706 58893
615 1801 661 16875 707 60266
616 1933 662 17444 708 61662
617 2072 663 18027 709 63080
620 2531 666 19859 712 67475
713 68988 759 173207 805 364674
714 70526 760 176345 806 365973
715 72089 761 179528 807 375327
716 73679 762 182752 808 380739
717 75294 763 186020 809 386205
718 76937 764 189332 810 391736
719 78607 765 192683 811 397323
720 80306 766 196089 812 402969
721 82033 767 199535 813 403677
722 83790 768 203026 814 414445
723 85578 769 206563 815 420274
724 87397 770 210146 816 426166
725 89247 771 213775 817 432121
726 91129 772 217450 818 438139
727 93043 773 221171 819 444220
728 94991 774 224939 820 450366
729 96972 775 228752 821 456605
730 99967 776 232612 822 462906
731 101036 777 236519 823 469267
732 103120 778 240471 824 475690
733 105238 779 244469 825 482176
734 107392 780 248514 826 488723
735 109582 781 252603 827 495333
736 111807 782 256739 828 502007
737 114068 783 260919 829 508743
738 116366 784 265144 830 515543
739 118699 785 269414 831 522407
740 121069 786 273738 832 529336
741 123475 787 278090 833 536330
742 125918 788 282496 834 543388
743 128397 789 286947 835 550512
744 130913 790 291443 836 557702
745 133466 791 295986 837 564958
746 138055 792 300574 838 572280
747 138682 793 305209 839 579670
748 141346 794 309891 840 587157
749 144048 795 314621 841 594655
750 146785 796 319395 842 602251
751 149566 797 324225 843 609915
752 152383 798 329100 844 617648
753 155238 799 334026 845 625450
754 158132 800 339002 846 633323
755 161066 801 344030 847 641264
756 164048 802 349111 848 649276
757 167055 803 354244 849 657358
758 170111 804 359432 850 665511
851 673736 897 1132134 943 1764137
852 682032 898 1143965 944 1779960
853 690401 899 1155883 945 1795883
854 698841 900 1167888 946 1811905
855 707355 901 1179892 947 1828027
856 715941 902 1191981 948 1844246
857 724602 903 1204158 949 1860571
858 733336 904 1216422 950 1876996
859 742144 905 1228773 951 1893516
860 751027 906 1241213 952 1910141
861 759943 907 1253739 953 1926867
862 768935 908 1266356 954 1943696
863 778000 909 1279060 955 1960627
864 787142 910 1291854 956 1977659
865 796358 911 1304737 957 1994796
866 805651 912 1317711 958 2012037
867 815020 913 1330774 959 2029381
868 824465 914 1343929 960 2046829
869 833988 915 1357174 961 2064285
870 843589 916 1370511 962 2081845
871 853266 917 1383940 963 2099510
872 863023 918 1397461 964 2117278
873 872857 919 1411074 965 2135150
874 882770 920 1424780 966 2153127
875 892763 921 1438506 967 2171210
876 902836 922 1452324 968 2189399
877 912988 923 1466235 969 2207692
878 923221 924 1480240 970 2226093
879 933535 925 1494336 971 2244600
880 943929 926 1508528 972 2263214
881 954341 927 1522813 973 2281936
882 964832 928 1537193 974 2300765
883 975405 929 1551667 975 2319700
884 986060 930 1566238 976 2338747
885 996795 931 1580903 977 2357900
886 1007613 932 1595665 978 2377163
887 1018514 933 1610523 979 2396536
888 1029497 934 1625478 980 2416019
889 1040564 935 1640529 981 2435579
890 1051713 936 1655678 982 2455251
891 1062947 937 1670925 983 2475031
892 1074866 938 1686270 984 2494924
893 1085668 939 1701713 985 2514928
894 1097156 940 1717255 986 2535041
895 1108729 941 1732785 987 2555268
896 1120388 942 1748411 988 2575607
989 2596059 1035 3661442 1200 9850000
990 2616622 1036 3687415 1210 10400000
991 2637299 1037 3713517 1220 10900000
992 2658089 1038 3739744 1230 11500000
993 2678994 1039 3766100 1240 12000000
994 2700013 1040 3792590 1250 12600000
995 2721146 1041 3819060 1260 13200000
996 2742395 1042 3845663 1270 13800000
997 2763757 1043 3872390
998 2785237 1044 3899248
999 2806832 1045 3926323
1000 2828544 1046 3953347
1001 2850335 1047 3980594
1002 2872244 1048 4007969
1003 2894270 1049 4035473
1004 2916410 1050 4063108
1005 2938672 1051 4090874
1006 2961049 1052 4118773
1007 2983548 1053 4146802
1008 3006162 1054 4174961
1009 3028895 1055 4203354
1010 3051750 1056 4231683
1011 3074723 1057 4260238
1012 3097817 1058 4288934
1013 3121030 1059 4317759
1014 3144365 1060 4346717
1015 3167820 1061 4375658
1016 3191401 1062 4404728
1017 3215097 1063 4433933
1018 3~38920 1064 4463270
1019 3262862 1065 4492742
1020 3286929 1066 4522347
1021 3311027 1067 4552090
1022 3335251 1070 4650000
1023 3359595 1080 5000000
1024 3384062 1090 5250000
1025 3408655 1100 5600000
1026 3433371 1110 6000000
1027 3458210 1120 6350000
1028 3483173 1130 6750000
1029 3508264 1140 7100000
1030 3533478 1150 7500000
1031 3558818 1160 7950000
1032 3584283 1170 8400000
1033 3609875 1180 8850000
1034 3635596 1190 9350000
820 6178 1088 32453 1134 38568
830 6835 1089 32576 1135 38711
840 7509 1090 32699 1136 38854
850 8192 1091 32822 1137 38997
860 8893 1092 32946 1138 39142
870 9640 1093 33071 1139 39286
880 10417 1094 33196 1140 39431
890 11197 1095 33321 1141 39576
900 11986 1096 33447 1142 39721
910 12839 1097 33574 1143 39867
9201 13726 1098 33701 1144 40014
930 14620 1099 33828 1145 40160
940 15535 1100 33956 1146 40307
950 16475 1101 34084 1147 454
960 17439 1102 34213 1148 40602
970 18449 1103 34342 1149 40750
980 19517 1104 34472 1150 40899
1000 21756 1106 34733 1152 41196
1010 22916 1107 34864 1153 41346
1020 24095 1108 34996 1154 41496
1030 25282 1109 35128 1155 41646
1050 27701 1111 35393 1157 41947
1070 30336 1116 36064 1162 42705
1071 30449 1117 36200 1163 42858
1072 30563 1118 36336 1164 43011
1073 30677 1119 36472 1165 43165
1075 30907 1121 36746 1167 434721
1076 31023 1122 36884 1168 43626
1077 31139 1123 37022 1169 43781
1078 31256 1124 37160 1170 43936
1079 31373 11251 37299 1171 44091
1080 31491 1126 37439 1172 44246
1081 31610 1127 37578 1173 44402
1082 31729 1128 37719 1174 44558
1083 31848 1129 37859 1175 44714
1084 31968 1130 38000 1176 44871
1085 32089 1131 38141 1177 45028
1086 32210 1132 38283 1178 45185
1087 32331 1133 38425 1179 45342
1180 45500 1226 53007 1280 6223
1181 45658 1227 53174
1182 45816 1228 533421
1183 45975 1229 53510
1184 46133 1230 53679 
1185 46292 1231 53847
1186 46452 1232 540151
1187 46611 1233 54184
1188 46771 1234 54353
1189 46931 1235 54522
1190 47091 1236 54691
1191 47252 1237 54860
1192 47413 1238 55029
1193 47574 1239 55199
1194 47735 1240 55368
1195 47897 1241 55538
1196 48058 1242 55708
1197 48220 1243 55878
1198 48382 1244 56048
1199 48545 1245 56218
1200 48708 1246 56388
1201 48870 1247 56558 
1203 49197 1249 56899 
1204 49360 1250 57070
1205 49524 1551 57241 
1206 49688 1252 57412
1207 49852 1253 57583
1208 50016 1254 57754
1209 50181 1255 57925
1210 50346 1256 58096
1211 50511 1257 58267
1212 50676 1258 58439
1213 50841 1259 58610
1214 51007 1260 58781
1215 51172 1261 58953
1216 51338 1262 59125
1217 51504 1263 59296
1218 51671 1264 59468
1219 51837 1265 59640
1220 52004 1266 59812
1221 52170 1267 59984
1222 52337 1268 60156
1223 5204 1269 60328
1224 52672 1270 60500
1225 52839 12715 6078
